iteration,t,x_k,x_k+1,x_diff,f(x_k+1)
0,0.15,[86.215 20.159 24.096],[-72.677  27.048 -17.002],[-158.892    6.889  -41.098],-37644.039
1,0.15,[-72.677  27.048 -17.002],[67.988  8.02  14.272],[140.665 -19.028  31.274],-29400.669
2,0.15,[67.988  8.02  14.272],[-56.948  15.817 -15.456],[-124.936    7.797  -29.728],-22997.913
3,0.15,[-56.948  15.817 -15.456],[53.237  2.521 10.168],[110.185 -13.296  25.624],-18004.566
4,0.15,[53.237  2.521 10.168],[-44.724   9.755 -12.668],[-97.961   7.234 -22.836],-14102.348
5,0.15,[-44.724   9.755 -12.668],[41.697  0.114  7.613],[86.421 -9.641 20.281],-11049.206
6,0.15,[41.697  0.114  7.613],[-35.073   6.338 -10.225],[-76.77    6.224 -17.838],-8658.635
7,0.15,[-35.073   6.338 -10.225],[32.719 -0.829  5.692],[67.792 -7.167 15.917],-6785.966
8,0.15,[32.719 -0.829  5.692],[-27.445   4.331  -8.298],[-60.165   5.16  -13.99 ],-5318.55
9,0.15,[-27.445   4.331  -8.298],[25.729 -1.088  4.172],[53.174 -5.42  12.47 ],-4168.457
10,0.15,[25.729 -1.088  4.172],[-21.428   3.1    -6.807],[-47.156   4.188 -10.979],-3266.949
11,0.15,[-21.428   3.1    -6.807],[20.275 -1.047  2.962],[41.703 -4.147  9.768],-2560.234
12,0.15,[20.275 -1.047  2.962],[-16.689   2.311  -5.653],[-36.965   3.357  -8.615],-2006.192
13,0.15,[-16.689   2.311  -5.653],[16.015 -0.888  2.   ],[32.704 -3.199  7.654],-1571.823
14,0.15,[16.015 -0.888  2.   ],[-12.963   1.782  -4.759],[-28.978   2.67   -6.759],-1231.27
15,0.15,[-12.963   1.782  -4.759],[12.682 -0.698  1.239],[25.645 -2.481  5.998],-964.265
16,0.15,[12.682 -0.698  1.239],[-10.036   1.415  -4.062],[-22.718   2.113  -5.301],-754.924
17,0.15,[-10.036   1.415  -4.062],[10.072 -0.516  0.639],[20.109 -1.931  4.701],-590.79
18,0.15,[10.072 -0.516  0.639],[-7.738  1.15  -3.519],[-17.811   1.667  -4.158],-462.102
19,0.15,[-7.738  1.15  -3.519],[ 8.029 -0.356  0.166],[15.767 -1.507  3.685],-361.203
20,0.15,[ 8.029 -0.356  0.166],[-5.935  0.956 -3.094],[-13.964   1.312  -3.26 ],-282.094
21,0.15,[-5.935  0.956 -3.094],[ 6.428 -0.222 -0.205],[12.363 -1.178  2.889],-220.068
22,0.15,[ 6.428 -0.222 -0.205],[-4.521  0.809 -2.762],[-10.948   1.031  -2.557],-171.436
23,0.15,[-4.521  0.809 -2.762],[ 5.173 -0.112 -0.497],[ 9.693 -0.921  2.265],-133.306
24,0.15,[ 5.173 -0.112 -0.497],[-3.411  0.698 -2.502],[-8.584  0.81  -2.005],-103.41
25,0.15,[-3.411  0.698 -2.502],[ 4.189 -0.024 -0.726],[ 7.6   -0.722  1.776],-79.97
26,0.15,[ 4.189 -0.024 -0.726],[-2.541  0.612 -2.298],[-6.73   0.636 -1.572],-61.591
27,0.15,[-2.541  0.612 -2.298],[ 3.418  0.047 -0.906],[ 5.959 -0.565  1.392],-47.182
28,0.15,[ 3.418  0.047 -0.906],[-1.859  0.546 -2.139],[-5.277  0.499 -1.233],-35.884
29,0.15,[-1.859  0.546 -2.139],[ 2.813  0.103 -1.047],[ 4.672 -0.443  1.091],-27.026
30,0.15,[ 2.813  0.103 -1.047],[-1.324  0.494 -2.013],[-4.137  0.391 -0.966],-20.08
31,0.15,[-1.324  0.494 -2.013],[ 2.34   0.147 -1.158],[ 3.663 -0.347  0.856],-14.635
32,0.15,[ 2.34   0.147 -1.158],[-0.904  0.454 -1.915],[-3.244  0.307 -0.758],-10.365
33,0.15,[-0.904  0.454 -1.915],[ 1.968  0.182 -1.244],[ 2.872 -0.272  0.671],-7.018
34,0.15,[ 1.968  0.182 -1.244],[-0.575  0.423 -1.839],[-2.543  0.241 -0.594],-4.393
35,0.15,[-0.575  0.423 -1.839],[ 1.677  0.21  -1.312],[ 2.252 -0.213  0.526],-2.335
36,0.15,[ 1.677  0.21  -1.312],[-0.317  0.398 -1.778],[-1.994  0.189 -0.466],-0.721
37,0.15,[-0.317  0.398 -1.778],[ 1.448  0.231 -1.366],[ 1.766 -0.167  0.412],0.544
38,0.15,[ 1.448  0.231 -1.366],[-0.115  0.379 -1.731],[-1.563  0.148 -0.365],1.536
39,0.15,[-0.115  0.379 -1.731],[ 1.269  0.248 -1.408],[ 1.384 -0.131  0.323],2.313
40,0.15,[ 1.269  0.248 -1.408],[ 0.043  0.364 -1.694],[-1.226  0.116 -0.286],2.923
41,0.15,[ 0.043  0.364 -1.694],[ 1.129  0.261 -1.44 ],[ 1.085 -0.103  0.254],3.401
42,0.15,[ 1.129  0.261 -1.44 ],[ 0.168  0.352 -1.665],[-0.961  0.091 -0.225],3.776
43,0.15,[ 0.168  0.352 -1.665],[ 1.019  0.272 -1.466],[ 0.851 -0.081  0.199],4.07
44,0.15,[ 1.019  0.272 -1.466],[ 0.265  0.343 -1.642],[-0.754  0.071 -0.176],4.3
45,0.15,[ 0.265  0.343 -1.642],[ 0.932  0.28  -1.486],[ 0.667 -0.063  0.156],4.481
46,0.15,[ 0.932  0.28  -1.486],[ 0.342  0.336 -1.624],[-0.591  0.056 -0.138],4.623
47,0.15,[ 0.342  0.336 -1.624],[ 0.865  0.286 -1.502],[ 0.523 -0.05   0.122],4.734
48,0.15,[ 0.865  0.286 -1.502],[ 0.401  0.33  -1.61 ],[-0.463  0.044 -0.108],4.821
49,0.15,[ 0.401  0.33  -1.61 ],[ 0.812  0.291 -1.515],[ 0.41  -0.039  0.096],4.889
50,0.15,[ 0.812  0.291 -1.515],[ 0.448  0.326 -1.599],[-0.363  0.034 -0.085],4.943
51,0.15,[ 0.448  0.326 -1.599],[ 0.77   0.295 -1.524],[ 0.322 -0.03   0.075],4.985
52,0.15,[ 0.77   0.295 -1.524],[ 0.485  0.322 -1.591],[-0.285  0.027 -0.067],5.017
53,0.15,[ 0.485  0.322 -1.591],[ 0.737  0.298 -1.532],[ 0.252 -0.024  0.059],5.043
54,0.15,[ 0.737  0.298 -1.532],[ 0.514  0.319 -1.584],[-0.223  0.021 -0.052],5.063
55,0.15,[ 0.514  0.319 -1.584],[ 0.712  0.301 -1.538],[ 0.198 -0.019  0.046],5.079
56,0.15,[ 0.712  0.301 -1.538],[ 0.537  0.317 -1.579],[-0.175  0.017 -0.041],5.092
57,0.15,[ 0.537  0.317 -1.579],[ 0.692  0.303 -1.543],[ 0.155 -0.015  0.036],5.102
58,0.15,[ 0.692  0.303 -1.543],[ 0.555  0.316 -1.575],[-0.137  0.013 -0.032],5.109
59,0.15,[ 0.555  0.316 -1.575],[ 0.676  0.304 -1.546],[ 0.122 -0.012  0.028],5.115
60,0.15,[ 0.676  0.304 -1.546],[ 0.569  0.314 -1.571],[-0.108  0.01  -0.025],5.12
61,0.15,[ 0.569  0.314 -1.571],[ 0.664  0.305 -1.549],[ 0.095 -0.009  0.022],5.124
62,0.15,[ 0.664  0.305 -1.549],[ 0.579  0.313 -1.569],[-0.084  0.008 -0.02 ],5.126
63,0.15,[ 0.579  0.313 -1.569],[ 0.654  0.306 -1.551],[ 0.075 -0.007  0.017],5.129
64,0.15,[ 0.654  0.306 -1.551],[ 0.588  0.312 -1.567],[-0.066  0.006 -0.015],5.13
65,0.15,[ 0.588  0.312 -1.567],[ 0.647  0.307 -1.553],[ 0.059 -0.006  0.014],5.132
66,0.15,[ 0.647  0.307 -1.553],[ 0.595  0.312 -1.565],[-0.052  0.005 -0.012],5.133
67,0.15,[ 0.595  0.312 -1.565],[ 0.641  0.307 -1.554],[ 0.046 -0.004  0.011],5.134
68,0.15,[ 0.641  0.307 -1.554],[ 0.6    0.311 -1.564],[-0.041  0.004 -0.01 ],5.134
69,0.15,[ 0.6    0.311 -1.564],[ 0.636  0.308 -1.556],[ 0.036 -0.003  0.008],5.135
70,0.15,[ 0.636  0.308 -1.556],[ 0.604  0.311 -1.563],[-0.032  0.003 -0.007],5.135
71,0.15,[ 0.604  0.311 -1.563],[ 0.632  0.308 -1.556],[ 0.028 -0.003  0.007],5.136
72,0.15,[ 0.632  0.308 -1.556],[ 0.607  0.311 -1.562],[-0.025  0.002 -0.006],5.136
73,0.15,[ 0.607  0.311 -1.562],[ 0.629  0.309 -1.557],[ 0.022 -0.002  0.005],5.136
74,0.15,[ 0.629  0.309 -1.557],[ 0.61   0.31  -1.562],[-0.02   0.002 -0.005],5.136
75,0.15,[ 0.61   0.31  -1.562],[ 0.627  0.309 -1.558],[ 0.017 -0.002  0.004],5.136
76,0.15,[ 0.627  0.309 -1.558],[ 0.612  0.31  -1.561],[-0.015  0.001 -0.004],5.137
77,0.15,[ 0.612  0.31  -1.561],[ 0.625  0.309 -1.558],[ 0.014 -0.001  0.003],5.137
78,0.15,[ 0.625  0.309 -1.558],[ 0.613  0.31  -1.561],[-0.012  0.001 -0.003],5.137
79,0.15,[ 0.613  0.31  -1.561],[ 0.624  0.309 -1.558],[ 0.011 -0.001  0.002],5.137
80,0.15,[ 0.624  0.309 -1.558],[ 0.615  0.31  -1.561],[-0.009  0.001 -0.002],5.137
81,0.15,[ 0.615  0.31  -1.561],[ 0.623  0.309 -1.559],[ 0.008 -0.001  0.002],5.137
82,0.15,[ 0.623  0.309 -1.559],[ 0.616  0.31  -1.56 ],[-0.007  0.001 -0.002],5.137
83,0.15,[ 0.616  0.31  -1.56 ],[ 0.622  0.309 -1.559],[ 0.007 -0.001  0.002],5.137
84,0.15,[ 0.622  0.309 -1.559],[ 0.616  0.31  -1.56 ],[-0.006  0.001 -0.001],5.137
85,0.15,[ 0.616  0.31  -1.56 ],[ 0.621  0.309 -1.559],[ 0.005 -0.     0.001],5.137
86,0.15,[ 0.621  0.309 -1.559],[ 0.617  0.31  -1.56 ],[-0.005  0.    -0.001],5.137
87,0.15,[ 0.617  0.31  -1.56 ],[ 0.621  0.309 -1.559],[ 0.004 -0.     0.001],5.137
88,0.15,[ 0.621  0.309 -1.559],[ 0.617  0.31  -1.56 ],[-0.004  0.    -0.001],5.137
89,0.15,[ 0.617  0.31  -1.56 ],[ 0.621  0.309 -1.559],[ 0.003 -0.     0.001],5.137
90,0.15,[ 0.621  0.309 -1.559],[ 0.618  0.31  -1.56 ],[-0.003  0.    -0.001],5.137
91,0.15,[ 0.618  0.31  -1.56 ],[ 0.62   0.309 -1.559],[ 0.002 -0.     0.001],5.137
92,0.15,[ 0.62   0.309 -1.559],[ 0.618  0.31  -1.56 ],[-0.002  0.    -0.001],5.137
93,0.15,[ 0.618  0.31  -1.56 ],[ 0.62   0.309 -1.559],[ 0.002 -0.     0.   ],5.137
94,0.15,[ 0.62   0.309 -1.559],[ 0.618  0.31  -1.56 ],[-0.002  0.    -0.   ],5.137
95,0.15,[ 0.618  0.31  -1.56 ],[ 0.62   0.309 -1.559],[ 0.002 -0.     0.   ],5.137
96,0.15,[ 0.62   0.309 -1.559],[ 0.618  0.31  -1.56 ],[-0.001  0.    -0.   ],5.137
97,0.15,[ 0.618  0.31  -1.56 ],[ 0.62   0.309 -1.559],[ 0.001 -0.     0.   ],5.137
98,0.15,[ 0.62   0.309 -1.559],[ 0.619  0.31  -1.56 ],[-0.001  0.    -0.   ],5.137
99,0.15,[ 0.619  0.31  -1.56 ],[ 0.619  0.309 -1.559],[ 0.001 -0.     0.   ],5.137
100,0.15,[ 0.619  0.309 -1.559],[ 0.619  0.31  -1.56 ],[-0.001  0.    -0.   ],5.137
101,0.15,[ 0.619  0.31  -1.56 ],[ 0.619  0.309 -1.559],[ 0.001 -0.     0.   ],5.137
102,0.15,[ 0.619  0.309 -1.559],[ 0.619  0.31  -1.56 ],[-0.001  0.    -0.   ],5.137
103,0.15,[ 0.619  0.31  -1.56 ],[ 0.619  0.309 -1.559],[ 0.001 -0.     0.   ],5.137
104,0.15,[ 0.619  0.309 -1.559],[ 0.619  0.31  -1.56 ],[-0.001  0.    -0.   ],5.137
105,0.15,[ 0.619  0.31  -1.56 ],[ 0.619  0.31  -1.559],[ 0. -0.  0.],5.137
106,0.15,[ 0.619  0.31  -1.559],[ 0.619  0.31  -1.56 ],[-0.  0. -0.],5.137
107,0.15,[ 0.619  0.31  -1.56 ],[ 0.619  0.31  -1.559],[ 0. -0.  0.],5.137
108,0.15,[ 0.619  0.31  -1.559],[ 0.619  0.31  -1.56 ],[-0.  0. -0.],5.137
109,0.15,[ 0.619  0.31  -1.56 ],[ 0.619  0.31  -1.559],[ 0. -0.  0.],5.137
110,0.15,[ 0.619  0.31  -1.559],[ 0.619  0.31  -1.56 ],[-0.  0. -0.],5.137
111,0.15,[ 0.619  0.31  -1.56 ],[ 0.619  0.31  -1.559],[ 0. -0.  0.],5.137
112,0.15,[ 0.619  0.31  -1.559],[ 0.619  0.31  -1.56 ],[-0.  0. -0.],5.137
113,0.15,[ 0.619  0.31  -1.56 ],[ 0.619  0.31  -1.56 ],[ 0. -0.  0.],5.137
114,0.15,[ 0.619  0.31  -1.56 ],[ 0.619  0.31  -1.56 ],[-0.  0. -0.],5.137
115,0.15,[ 0.619  0.31  -1.56 ],[ 0.619  0.31  -1.56 ],[ 0. -0.  0.],5.137
116,0.15,[ 0.619  0.31  -1.56 ],[ 0.619  0.31  -1.56 ],[-0.  0. -0.],5.137
117,0.15,[ 0.619  0.31  -1.56 ],[ 0.619  0.31  -1.56 ],[ 0. -0.  0.],5.137
118,0.15,[ 0.619  0.31  -1.56 ],[ 0.619  0.31  -1.56 ],[-0.  0. -0.],5.137
119,0.15,[ 0.619  0.31  -1.56 ],[ 0.619  0.31  -1.56 ],[ 0. -0.  0.],5.137
120,0.15,[ 0.619  0.31  -1.56 ],[ 0.619  0.31  -1.56 ],[-0.  0. -0.],5.137
121,0.15,[ 0.619  0.31  -1.56 ],[ 0.619  0.31  -1.56 ],[ 0. -0.  0.],5.137
122,0.15,[ 0.619  0.31  -1.56 ],[ 0.619  0.31  -1.56 ],[-0.  0. -0.],5.137
123,0.15,[ 0.619  0.31  -1.56 ],[ 0.619  0.31  -1.56 ],[ 0. -0.  0.],5.137
124,0.15,[ 0.619  0.31  -1.56 ],[ 0.619  0.31  -1.56 ],[-0.  0. -0.],5.137
125,0.15,[ 0.619  0.31  -1.56 ],[ 0.619  0.31  -1.56 ],[ 0. -0.  0.],5.137
126,0.15,[ 0.619  0.31  -1.56 ],[ 0.619  0.31  -1.56 ],[-0.  0. -0.],5.137
127,0.15,[ 0.619  0.31  -1.56 ],[ 0.619  0.31  -1.56 ],[ 0. -0.  0.],5.137
128,0.15,[ 0.619  0.31  -1.56 ],[ 0.619  0.31  -1.56 ],[-0.  0. -0.],5.137
129,0.15,[ 0.619  0.31  -1.56 ],[ 0.619  0.31  -1.56 ],[ 0. -0.  0.],5.137
130,0.15,[ 0.619  0.31  -1.56 ],[ 0.619  0.31  -1.56 ],[-0.  0. -0.],5.137
131,0.15,[ 0.619  0.31  -1.56 ],[ 0.619  0.31  -1.56 ],[ 0. -0.  0.],5.137
132,0.15,[ 0.619  0.31  -1.56 ],[ 0.619  0.31  -1.56 ],[-0.  0. -0.],5.137
133,0.15,[ 0.619  0.31  -1.56 ],[ 0.619  0.31  -1.56 ],[ 0. -0.  0.],5.137
134,0.15,[ 0.619  0.31  -1.56 ],[ 0.619  0.31  -1.56 ],[-0.  0. -0.],5.137
135,0.15,[ 0.619  0.31  -1.56 ],[ 0.619  0.31  -1.56 ],[ 0. -0.  0.],5.137
136,0.15,[ 0.619  0.31  -1.56 ],[ 0.619  0.31  -1.56 ],[-0.  0. -0.],5.137
137,0.15,[ 0.619  0.31  -1.56 ],[ 0.619  0.31  -1.56 ],[ 0. -0.  0.],5.137
138,0.15,[ 0.619  0.31  -1.56 ],[ 0.619  0.31  -1.56 ],[-0.  0. -0.],5.137
139,0.15,[ 0.619  0.31  -1.56 ],[ 0.619  0.31  -1.56 ],[ 0. -0.  0.],5.137
140,0.15,[ 0.619  0.31  -1.56 ],[ 0.619  0.31  -1.56 ],[-0.  0. -0.],5.137
141,0.15,[ 0.619  0.31  -1.56 ],[ 0.619  0.31  -1.56 ],[ 0. -0.  0.],5.137
142,0.15,[ 0.619  0.31  -1.56 ],[ 0.619  0.31  -1.56 ],[-0.  0. -0.],5.137
143,0.15,[ 0.619  0.31  -1.56 ],[ 0.619  0.31  -1.56 ],[ 0. -0.  0.],5.137
144,0.15,[ 0.619  0.31  -1.56 ],[ 0.619  0.31  -1.56 ],[-0.  0. -0.],5.137
145,0.15,[ 0.619  0.31  -1.56 ],[ 0.619  0.31  -1.56 ],[ 0. -0.  0.],5.137
146,0.15,[ 0.619  0.31  -1.56 ],[ 0.619  0.31  -1.56 ],[-0.  0. -0.],5.137
147,0.15,[ 0.619  0.31  -1.56 ],[ 0.619  0.31  -1.56 ],[ 0. -0.  0.],5.137
148,0.15,[ 0.619  0.31  -1.56 ],[ 0.619  0.31  -1.56 ],[-0.  0. -0.],5.137
149,0.15,[ 0.619  0.31  -1.56 ],[ 0.619  0.31  -1.56 ],[ 0. -0.  0.],5.137
150,0.15,[ 0.619  0.31  -1.56 ],[ 0.619  0.31  -1.56 ],[-0.  0. -0.],5.137
151,0.15,[ 0.619  0.31  -1.56 ],[ 0.619  0.31  -1.56 ],[ 0. -0.  0.],5.137
152,0.15,[ 0.619  0.31  -1.56 ],[ 0.619  0.31  -1.56 ],[-0.  0. -0.],5.137
153,0.15,[ 0.619  0.31  -1.56 ],[ 0.619  0.31  -1.56 ],[ 0. -0.  0.],5.137
154,0.15,[ 0.619  0.31  -1.56 ],[ 0.619  0.31  -1.56 ],[-0.  0. -0.],5.137
155,0.15,[ 0.619  0.31  -1.56 ],[ 0.619  0.31  -1.56 ],[ 0. -0.  0.],5.137
156,0.15,[ 0.619  0.31  -1.56 ],[ 0.619  0.31  -1.56 ],[-0.  0. -0.],5.137
157,0.15,[ 0.619  0.31  -1.56 ],[ 0.619  0.31  -1.56 ],[ 0. -0.  0.],5.137
158,0.15,[ 0.619  0.31  -1.56 ],[ 0.619  0.31  -1.56 ],[-0.  0. -0.],5.137
159,0.15,[ 0.619  0.31  -1.56 ],[ 0.619  0.31  -1.56 ],[ 0. -0.  0.],5.137
160,0.15,[ 0.619  0.31  -1.56 ],[ 0.619  0.31  -1.56 ],[-0.  0. -0.],5.137
161,0.15,[ 0.619  0.31  -1.56 ],[ 0.619  0.31  -1.56 ],[ 0. -0.  0.],5.137
162,0.15,[ 0.619  0.31  -1.56 ],[ 0.619  0.31  -1.56 ],[-0.  0. -0.],5.137
163,0.15,[ 0.619  0.31  -1.56 ],[ 0.619  0.31  -1.56 ],[ 0. -0.  0.],5.137
164,0.15,[ 0.619  0.31  -1.56 ],[ 0.619  0.31  -1.56 ],[-0.  0. -0.],5.137
165,0.15,[ 0.619  0.31  -1.56 ],[ 0.619  0.31  -1.56 ],[ 0. -0.  0.],5.137
166,0.15,[ 0.619  0.31  -1.56 ],[ 0.619  0.31  -1.56 ],[-0.  0. -0.],5.137
167,0.15,[ 0.619  0.31  -1.56 ],[ 0.619  0.31  -1.56 ],[ 0. -0.  0.],5.137
168,0.15,[ 0.619  0.31  -1.56 ],[ 0.619  0.31  -1.56 ],[-0.  0. -0.],5.137
169,0.15,[ 0.619  0.31  -1.56 ],[ 0.619  0.31  -1.56 ],[ 0. -0.  0.],5.137
170,0.15,[ 0.619  0.31  -1.56 ],[ 0.619  0.31  -1.56 ],[-0.  0. -0.],5.137
171,0.15,[ 0.619  0.31  -1.56 ],[ 0.619  0.31  -1.56 ],[ 0. -0.  0.],5.137
172,0.15,[ 0.619  0.31  -1.56 ],[ 0.619  0.31  -1.56 ],[-0.  0. -0.],5.137
173,0.15,[ 0.619  0.31  -1.56 ],[ 0.619  0.31  -1.56 ],[ 0. -0.  0.],5.137
174,0.15,[ 0.619  0.31  -1.56 ],[ 0.619  0.31  -1.56 ],[-0.  0. -0.],5.137
175,0.15,[ 0.619  0.31  -1.56 ],[ 0.619  0.31  -1.56 ],[ 0. -0.  0.],5.137
176,0.15,[ 0.619  0.31  -1.56 ],[ 0.619  0.31  -1.56 ],[-0.  0. -0.],5.137
177,0.15,[ 0.619  0.31  -1.56 ],[ 0.619  0.31  -1.56 ],[ 0. -0.  0.],5.137
178,0.15,[ 0.619  0.31  -1.56 ],[ 0.619  0.31  -1.56 ],[-0.  0. -0.],5.137
179,0.15,[ 0.619  0.31  -1.56 ],[ 0.619  0.31  -1.56 ],[ 0. -0.  0.],5.137
180,0.15,[ 0.619  0.31  -1.56 ],[ 0.619  0.31  -1.56 ],[-0.  0. -0.],5.137
181,0.167,[ 0.619  0.31  -1.56 ],[ 0.619  0.31  -1.56 ],[ 0. -0.  0.],5.137
182,0.167,[ 0.619  0.31  -1.56 ],[ 0.619  0.31  -1.56 ],[-0.  0. -0.],5.137
183,0.15,[ 0.619  0.31  -1.56 ],[ 0.619  0.31  -1.56 ],[ 0. -0.  0.],5.137
184,0.167,[ 0.619  0.31  -1.56 ],[ 0.619  0.31  -1.56 ],[-0.  0. -0.],5.137
185,0.15,[ 0.619  0.31  -1.56 ],[ 0.619  0.31  -1.56 ],[ 0. -0.  0.],5.137
186,0.15,[ 0.619  0.31  -1.56 ],[ 0.619  0.31  -1.56 ],[-0.  0. -0.],5.137
187,0.135,[ 0.619  0.31  -1.56 ],[ 0.619  0.31  -1.56 ],[ 0. -0.  0.],5.137
188,0.135,[ 0.619  0.31  -1.56 ],[ 0.619  0.31  -1.56 ],[-0.  0. -0.],5.137
189,0.185,[ 0.619  0.31  -1.56 ],[ 0.619  0.31  -1.56 ],[ 0. -0.  0.],5.137
190,0.122,[ 0.619  0.31  -1.56 ],[ 0.619  0.31  -1.56 ],[-0.  0. -0.],5.137
191,0.206,[ 0.619  0.31  -1.56 ],[ 0.619  0.31  -1.56 ],[ 0. -0.  0.],5.137
192,0.15,[ 0.619  0.31  -1.56 ],[ 0.619  0.31  -1.56 ],[-0.  0. -0.],5.137
193,0.167,[ 0.619  0.31  -1.56 ],[ 0.619  0.31  -1.56 ],[ 0. -0.  0.],5.137
194,0.122,[ 0.619  0.31  -1.56 ],[ 0.619  0.31  -1.56 ],[-0.  0. -0.],5.137
195,0.15,[ 0.619  0.31  -1.56 ],[ 0.619  0.31  -1.56 ],[ 0. -0.  0.],5.137
196,0.15,[ 0.619  0.31  -1.56 ],[ 0.619  0.31  -1.56 ],[-0.  0. -0.],5.137
197,0.122,[ 0.619  0.31  -1.56 ],[ 0.619  0.31  -1.56 ],[ 0. -0.  0.],5.137
198,0.314,[ 0.619  0.31  -1.56 ],[ 0.619  0.31  -1.56 ],[-0.  0. -0.],5.137
199,0.15,[ 0.619  0.31  -1.56 ],[ 0.619  0.31  -1.56 ],[ 0. -0.  0.],5.137
200,0.135,[ 0.619  0.31  -1.56 ],[ 0.619  0.31  -1.56 ],[-0.  0. -0.],5.137
201,0.185,[ 0.619  0.31  -1.56 ],[ 0.619  0.31  -1.56 ],[ 0. -0.  0.],5.137
202,0.15,[ 0.619  0.31  -1.56 ],[ 0.619  0.31  -1.56 ],[-0.  0. -0.],5.137
203,0.109,[ 0.619  0.31  -1.56 ],[ 0.619  0.31  -1.56 ],[ 0. -0.  0.],5.137
204,0.0,[ 0.619  0.31  -1.56 ],[ 0.619  0.31  -1.56 ],[-0.  0.  0.],5.137
