iteration,t,x_k,x_k+1,x_diff,f(x_k+1)
0,0.126,[-25.092  90.143  46.399],[13.031 64.256 28.7  ],[ 38.123 -25.887 -17.698],-6797.074
1,0.134,[13.031 64.256 28.7  ],[-6.466 48.783  9.157],[-19.497 -15.472 -19.543],-3066.994
2,0.13,[-6.466 48.783  9.157],[ 8.138 35.226  5.417],[ 14.603 -13.557  -3.74 ],-1492.924
3,0.138,[ 8.138 35.226  5.417],[-1.438 26.611 -0.52 ],[-9.575 -8.615 -5.937],-763.98
4,0.135,[-1.438 26.611 -0.52 ],[ 5.144 19.254 -0.526],[ 6.582e+00 -7.357e+00 -6.000e-03],-402.386
5,0.14,[ 5.144 19.254 -0.526],[-0.099 14.58  -2.373],[-5.243 -4.674 -1.847],-214.336
6,0.136,[-0.099 14.58  -2.373],[ 3.23  10.606 -1.736],[ 3.329 -3.974  0.637],-114.048
7,0.141,[ 3.23  10.606 -1.736],[ 0.32   8.076 -2.371],[-2.91  -2.53  -0.635],-59.847
8,0.136,[ 0.32   8.076 -2.371],[ 2.083  5.926 -1.849],[ 1.762 -2.15   0.522],-30.361
9,0.141,[ 2.083  5.926 -1.849],[ 0.476  4.546 -2.099],[-1.606 -1.38  -0.25 ],-14.27
10,0.136,[ 0.476  4.546 -2.099],[ 1.431  3.376 -1.767],[ 0.954 -1.17   0.332],-5.477
11,0.141,[ 1.431  3.376 -1.767],[ 0.546  2.624 -1.879],[-0.884 -0.752 -0.112],-0.67
12,0.136,[ 0.546  2.624 -1.879],[ 1.066  1.985 -1.686],[ 0.52  -0.638  0.193],1.96
13,0.141,[ 1.066  1.985 -1.686],[ 0.581  1.575 -1.741],[-0.485 -0.41  -0.055],3.399
14,0.136,[ 0.581  1.575 -1.741],[ 0.864  1.226 -1.632],[ 0.284 -0.349  0.109],4.186
15,0.141,[ 0.864  1.226 -1.632],[ 0.598  1.002 -1.66 ],[-0.266 -0.224 -0.028],4.617
16,0.136,[ 0.598  1.002 -1.66 ],[ 0.753  0.811 -1.6  ],[ 0.155 -0.191  0.06 ],4.852
17,0.141,[ 0.753  0.811 -1.6  ],[ 0.608  0.688 -1.615],[-0.146 -0.123 -0.015],4.981
18,0.136,[ 0.608  0.688 -1.615],[ 0.693  0.584 -1.582],[ 0.085 -0.104  0.033],5.052
19,0.141,[ 0.693  0.584 -1.582],[ 0.613  0.517 -1.59 ],[-0.08  -0.067 -0.008],5.09
20,0.136,[ 0.613  0.517 -1.59 ],[ 0.659  0.46  -1.572],[ 0.046 -0.057  0.018],5.111
21,0.141,[ 0.659  0.46  -1.572],[ 0.616  0.423 -1.576],[-0.044 -0.037 -0.004],5.123
22,0.136,[ 0.616  0.423 -1.576],[ 0.641  0.392 -1.566],[ 0.025 -0.031  0.01 ],5.129
23,0.141,[ 0.641  0.392 -1.566],[ 0.617  0.372 -1.569],[-0.024 -0.02  -0.002],5.133
24,0.136,[ 0.617  0.372 -1.569],[ 0.631  0.354 -1.563],[ 0.014 -0.017  0.005],5.135
25,0.141,[ 0.631  0.354 -1.563],[ 0.618  0.343 -1.565],[-0.013 -0.011 -0.001],5.136
26,0.136,[ 0.618  0.343 -1.565],[ 0.626  0.334 -1.562],[ 0.008 -0.009  0.003],5.136
27,0.141,[ 0.626  0.334 -1.562],[ 0.619  0.328 -1.562],[-0.007 -0.006 -0.001],5.137
28,0.136,[ 0.619  0.328 -1.562],[ 0.623  0.323 -1.561],[ 0.004 -0.005  0.002],5.137
29,0.141,[ 0.623  0.323 -1.561],[ 0.619  0.32  -1.561],[-0.004 -0.003 -0.   ],5.137
30,0.136,[ 0.619  0.32  -1.561],[ 0.621  0.317 -1.56 ],[ 0.002 -0.003  0.001],5.137
31,0.141,[ 0.621  0.317 -1.56 ],[ 0.619  0.315 -1.56 ],[-0.002 -0.002 -0.   ],5.137
32,0.136,[ 0.619  0.315 -1.56 ],[ 0.62   0.314 -1.56 ],[ 0.001 -0.002  0.   ],5.137
33,0.141,[ 0.62   0.314 -1.56 ],[ 0.619  0.313 -1.56 ],[-0.001 -0.001 -0.   ],5.137
34,0.136,[ 0.619  0.313 -1.56 ],[ 0.62   0.312 -1.56 ],[ 0.001 -0.001  0.   ],5.137
35,0.141,[ 0.62   0.312 -1.56 ],[ 0.619  0.311 -1.56 ],[-0.001 -0.001 -0.   ],5.137
36,0.136,[ 0.619  0.311 -1.56 ],[ 0.619  0.311 -1.56 ],[ 0. -0.  0.],5.137
37,0.14,[ 0.619  0.311 -1.56 ],[ 0.619  0.31  -1.56 ],[-0. -0. -0.],5.137
38,0.137,[ 0.619  0.31  -1.56 ],[ 0.619  0.31  -1.56 ],[ 0. -0.  0.],5.137
39,0.14,[ 0.619  0.31  -1.56 ],[ 0.619  0.31  -1.56 ],[-0. -0. -0.],5.137
40,0.137,[ 0.619  0.31  -1.56 ],[ 0.619  0.31  -1.56 ],[ 0. -0.  0.],5.137
41,0.14,[ 0.619  0.31  -1.56 ],[ 0.619  0.31  -1.56 ],[-0. -0. -0.],5.137
42,0.137,[ 0.619  0.31  -1.56 ],[ 0.619  0.31  -1.56 ],[ 0. -0.  0.],5.137
43,0.14,[ 0.619  0.31  -1.56 ],[ 0.619  0.31  -1.56 ],[-0. -0. -0.],5.137
44,0.136,[ 0.619  0.31  -1.56 ],[ 0.619  0.31  -1.56 ],[ 0. -0.  0.],5.137
45,0.141,[ 0.619  0.31  -1.56 ],[ 0.619  0.31  -1.56 ],[-0. -0. -0.],5.137
46,0.137,[ 0.619  0.31  -1.56 ],[ 0.619  0.31  -1.56 ],[ 0. -0.  0.],5.137
47,0.139,[ 0.619  0.31  -1.56 ],[ 0.619  0.31  -1.56 ],[-0. -0. -0.],5.137
48,0.138,[ 0.619  0.31  -1.56 ],[ 0.619  0.31  -1.56 ],[ 0. -0.  0.],5.137
49,0.14,[ 0.619  0.31  -1.56 ],[ 0.619  0.31  -1.56 ],[-0. -0. -0.],5.137
50,0.138,[ 0.619  0.31  -1.56 ],[ 0.619  0.31  -1.56 ],[ 0. -0.  0.],5.137
51,0.138,[ 0.619  0.31  -1.56 ],[ 0.619  0.31  -1.56 ],[-0. -0. -0.],5.137
