iteration,t,x_k,x_k+1,x_diff,f(x_k+1)
0,0.126,[-25.092  90.143  46.399],[13.031 64.256 28.7  ],[ 38.123 -25.887 -17.698],-6797.074
1,0.217,[13.031 64.256 28.7  ],[  5.327  22.988 -14.033],[ -7.704 -41.268 -42.733],-729.096
2,0.435,[  5.327  22.988 -14.033],[ 0.53   0.283 -1.585],[ -4.797 -22.705  12.448],5.085
3,0.08,[ 0.53   0.283 -1.585],[ 0.617  0.279 -1.562],[ 0.086 -0.004  0.023],5.136
4,0.473,[ 0.617  0.279 -1.562],[ 0.619  0.307 -1.555],[0.002 0.028 0.007],5.137
5,0.138,[ 0.619  0.307 -1.555],[ 0.618  0.309 -1.557],[-0.001  0.002 -0.002],5.137
6,0.182,[ 0.618  0.309 -1.557],[ 0.619  0.31  -1.56 ],[ 0.002  0.001 -0.002],5.137
7,0.11,[ 0.619  0.31  -1.56 ],[ 0.619  0.31  -1.56 ],[ 0. -0.  0.],5.137
8,0.392,[ 0.619  0.31  -1.56 ],[ 0.619  0.31  -1.56 ],[-0. -0.  0.],5.137
9,0.269,[ 0.619  0.31  -1.56 ],[ 0.619  0.31  -1.56 ],[-0.  0. -0.],5.137
